00001240.jpg 54,410 250,484 316,340 160,283 43,313 230,367 301,286 141,246 187,33 328,33 
00001241.jpg 54,410 250,484 316,340 160,283 43,313 230,367 301,286 141,246 187,33 328,33 
00001242.jpg 54,410 250,484 316,340 160,283 43,313 230,367 301,286 141,246 187,33 328,33 
00001243.jpg 54,410 250,484 316,340 160,283 43,313 230,367 301,286 141,246 187,33 328,33 
00001244.jpg 54,410 250,484 316,340 160,283 43,313 230,367 301,286 141,246 187,33 328,33 
00001245.jpg 54,410 250,484 316,340 160,283 43,313 230,367 301,286 141,246 187,33 328,33 
00001246.jpg 54,410 250,484 316,340 160,283 43,313 230,367 301,286 141,246 187,33 328,33 
00001247.jpg 54,410 250,484 316,340 160,283 43,313 230,367 301,286 141,246 187,33 328,33 
00001248.jpg 54,410 250,484 316,340 160,283 43,313 230,367 301,286 141,246 187,33 328,33 
00001249.jpg 54,410 250,484 316,340 160,283 43,313 230,367 301,286 141,246 187,33 328,33 
